[DJI_0158.JPG]
filters=fill=1,0.785047;autolight=1;tilt=1,-0.193708,0.000000;fill=1,0.280374;
moddate=01a1540f2d44d501
width=4000
height=3000
textactive=0
